================================================================================
THEOREM 1 EXPERIMENT AUDIT
Corrected theorem: exact prediction for top-score best-of-N selector
================================================================================

Discovered 23 models: 3B, 70B, 8B, Dracarys70B, GLM5, Gemma3n2B, Gemma3n4B, KimiK2, Maverick17B, MiniMax, Ministral14B, MistralLarge675B, MistralNemotron, MistralSmall119B, Mixtral8x22B, Mixtral8x7B, Qwen122B, Qwen397B, QwenNext80B, Stockmark100B, Super120B, Super49B, Ultra253B
Loading data...
Loaded: 11267 measurements, 5154 predictions, 23 validations

================================================================================
OUTPUT 1: Predicted vs Actual Best-of-N Accuracy by Model and N
================================================================================

--- Predicted ---
Model                        N=1         N=2         N=4         N=8        N=16        N=32        N=48
3B                      0.453312    0.471606    0.479118    0.479388    0.475234    0.473368    0.475170
70B                     0.608511    0.630054    0.638953    0.637559    0.627705    0.615190    0.610240
8B                      0.469835    0.481115    0.477755    0.465309    0.449467    0.434983    0.428616
Dracarys70B             0.540161    0.543889    0.541608    0.533872    0.521419    0.504940    0.493736
GLM5                    0.720145    0.751773    0.768854    0.776311    0.778073    0.780664    0.783391
Gemma3n2B               0.580577    0.601238    0.613159    0.622193    0.628226    0.630723    0.631161
Gemma3n4B               0.588996    0.609903    0.618551    0.618095    0.614535    0.613958    0.617008
KimiK2                  0.587457    0.602200    0.613181    0.621524    0.626475    0.627132    0.625865
Maverick17B             0.660791    0.686027    0.701297    0.707118    0.705065    0.703043    0.705364
MiniMax                 0.563410    0.564617    0.561916    0.555482    0.546547    0.539294    0.538896
Ministral14B            0.629690    0.661302    0.679961    0.689941    0.695835    0.699141    0.700223
MistralLarge675B        0.576190    0.600942    0.617249    0.627435    0.637315    0.650838    0.660582
MistralNemotron         0.648211    0.585265    0.522098    0.456965    0.391460    0.329256    0.298735
MistralSmall119B        0.629842    0.646441    0.653555    0.657343    0.661460    0.668113    0.672666
Mixtral8x22B            0.494280    0.523102    0.539559    0.546280    0.546168    0.541905    0.538995
Mixtral8x7B             0.312948    0.335447    0.347801    0.351290    0.345014    0.332522    0.326277
Qwen122B                0.581291    0.625238    0.657863    0.679535    0.690237    0.690790    0.687529
Qwen397B                0.729610    0.752373    0.765904    0.772613    0.770757    0.760990    0.753170
QwenNext80B             0.623686    0.653149    0.668588    0.673331    0.669543    0.663151    0.659925
Stockmark100B           0.575301    0.598720    0.611747    0.617190    0.615655    0.610839    0.608411
Super120B               0.542665    0.525839    0.514361    0.508203    0.505283    0.503897    0.502722
Super49B                0.626420    0.652756    0.667502    0.673938    0.674145    0.670846    0.667989
Ultra253B               0.836623    0.881099    0.902875    0.914862    0.922330         nan         nan

--- Actual ---
Model                        N=1         N=2         N=4         N=8        N=16        N=32        N=48
3B                      0.453303    0.471576    0.479119    0.479370    0.475238    0.473333    0.475191
70B                     0.608402    0.630043    0.639028    0.637599    0.627542    0.615189    0.610345
8B                      0.469877    0.481099    0.477691    0.465287    0.449455    0.434997    0.428590
Dracarys70B             0.540249    0.543694    0.541606    0.533833    0.521399    0.504878    0.493716
GLM5                    0.720021    0.751804    0.768792    0.776264    0.778094    0.780695    0.783363
Gemma3n2B               0.580510    0.601297    0.613283    0.622223    0.628316    0.630780    0.631168
Gemma3n4B               0.589035    0.609836    0.618479    0.617957    0.614629    0.614000    0.617017
KimiK2                  0.587551    0.602220    0.613214    0.621545    0.626368    0.627170    0.625810
Maverick17B             0.660834    0.685959    0.701320    0.707238    0.705119    0.703039    0.705330
MiniMax                 0.563378    0.564632    0.561974    0.555549    0.546538    0.539272    0.538810
Ministral14B            0.629866    0.661330    0.679978    0.689975    0.695902    0.699237    0.700139
MistralLarge675B        0.576248    0.601089    0.617282    0.627464    0.637267    0.650842    0.660538
MistralNemotron         0.648149    0.585279    0.522142    0.457001    0.391543    0.329317    0.298698
MistralSmall119B        0.630000    0.646375    0.653647    0.657255    0.661564    0.668196    0.672714
Mixtral8x22B            0.494350    0.523116    0.539629    0.546259    0.546137    0.541882    0.539038
Mixtral8x7B             0.313023    0.335491    0.347763    0.351342    0.345080    0.332540    0.326192
Qwen122B                0.581327    0.625291    0.658103    0.679498    0.690255    0.690878    0.687631
Qwen397B                0.729613    0.752313    0.765924    0.772563    0.770759    0.760955    0.753184
QwenNext80B             0.623705    0.653064    0.668678    0.673352    0.669752    0.663054    0.659944
Stockmark100B           0.575277    0.598764    0.611766    0.617288    0.615619    0.610888    0.608452
Super120B               0.542612    0.525864    0.514308    0.508074    0.505252    0.503903    0.502673
Super49B                0.626417    0.652749    0.667558    0.673912    0.674191    0.670875    0.667958
Ultra253B               0.836713    0.881307    0.902754    0.914808    0.922417         nan         nan

================================================================================
OUTPUT 2: MAE by Model
================================================================================

Model                        MAE      Max AE  N problems
3B                      0.000656    0.006296         390
70B                     0.000640    0.004023         211
8B                      0.000684    0.005377         384
Dracarys70B             0.000710    0.005864         332
GLM5                    0.000533    0.004881         224
Gemma3n2B               0.000662    0.004789         257
Gemma3n4B               0.000634    0.004998         195
KimiK2                  0.000545    0.004303         192
Maverick17B             0.000603    0.004038         117
MiniMax                 0.000685    0.004797         206
Ministral14B            0.000502    0.005235         191
MistralLarge675B        0.000558    0.005468         140
MistralNemotron         0.000621    0.004108         184
MistralSmall119B        0.000520    0.004694         185
Mixtral8x22B            0.000700    0.005732         397
Mixtral8x7B             0.000718    0.004777         372
Qwen122B                0.000572    0.004913         102
Qwen397B                0.000495    0.005644         188
QwenNext80B             0.000511    0.005014         111
Stockmark100B           0.000583    0.004734         332
Super120B               0.000669    0.004524         167
Super49B                0.000533    0.004761         220
Ultra253B               0.000463    0.002656          57

================================================================================
OUTPUT 3: MAE by N (averaged across models)
================================================================================

     N    Mean MAE     Max MAE  Models
     1    0.000811    0.000980      23
     2    0.000754    0.000886      23
     4    0.000689    0.000893      23
     8    0.000616    0.000748      23
    16    0.000531    0.000696      23
    32    0.000436    0.000559      22
    48    0.000356    0.000461      22

================================================================================
OUTPUT 4: Overall MAE
================================================================================

  Overall MAE across all models/problems/N: 0.000622
  Total (model, problem, N) triples: 35964

================================================================================
OUTPUT 5: Score Tie-Rate Report
================================================================================

Model                  Mean rate    Max rate  Problems w/ ties Total probs
3B                      0.000000    0.000000                 0         497
70B                     0.000140    0.011525                28         500
8B                      0.000000    0.000000                 0         499
Dracarys70B             0.000000    0.000000                 0         499
GLM5                    0.000000    0.000000                 0         500
Gemma3n2B               0.000005    0.000887                 3         500
Gemma3n4B               0.000012    0.002660                 5         500
KimiK2                  0.000005    0.000887                 3         500
Maverick17B             0.000250    0.013298                59         500
MiniMax                 0.000000    0.000000                 0         500
Ministral14B            0.000055    0.006206                16         500
MistralLarge675B        0.000259    0.022163                25         500
MistralNemotron         0.000059    0.024823                 6         500
MistralSmall119B        0.000000    0.000000                 0         500
Mixtral8x22B            0.000035    0.008865                 4         500
Mixtral8x7B             0.001184    0.293440                32         500
Qwen122B                0.000014    0.007092                 1         500
Qwen397B                0.000112    0.018617                18         500
QwenNext80B             0.000860    0.106383                45         500
Stockmark100B           0.000000    0.000000                 0         499
Super120B               0.000000    0.000000                 0         500
Super49B                0.000094    0.025709                 3         500
Ultra253B               0.000000    0.000000                 0         273

  Grand mean tie rate: 0.000134
  Ties are negligible — continuous/no-tie formula is valid.

================================================================================
OUTPUT 6: Score-Definition Report
================================================================================

  Score used: MEAN LOG-PROBABILITY PER TOKEN
  Source: src/nim_client.py:compute_score()
  Formula: sum(t['logprob'] for t in logprobs_list) / len(logprobs_list)

  The SAME score is used for:
    - Theoretical prediction (compute_f_theoretical sorts by this score)
    - Monte Carlo simulation (simulate_best_of_n selects by this score)
    - AUC/kappa computation (Mann-Whitney U on correct vs incorrect scores)

  Verification: src/scorer.py:compute_problem_stats() uses nim_client.compute_score()
  to compute all_scores, which feeds into both theorem.py and 04_validate.py.


================================================================================
OUTPUT 7: Per-Problem vs Pooled Ablation
================================================================================

Model                    N  PerProb pred   Pooled pred        Actual   PerProb MAE    Pooled MAE
3B                       1      0.453312      0.384105      0.453303      0.000944      0.069198
3B                       2      0.471606      0.434213      0.471576      0.000820      0.037363
3B                       4      0.479118      0.460139      0.479119      0.000743      0.018980
3B                       8      0.479388      0.459975      0.479370      0.000726      0.019395
3B                      16      0.475234      0.435969      0.475238      0.000528      0.039269
3B                      32      0.473368      0.394842      0.473333      0.000466      0.078491
3B                      48      0.475170      0.365657      0.475191      0.000364      0.109534
70B                      1      0.608511      0.676792      0.608402      0.000875      0.068390
70B                      2      0.630054      0.737399      0.630043      0.000783      0.107356
70B                      4      0.638953      0.749332      0.639028      0.000723      0.110304
70B                      8      0.637559      0.733837      0.637599      0.000645      0.096238
70B                     16      0.627705      0.709319      0.627542      0.000546      0.081777
70B                     32      0.615190      0.685971      0.615189      0.000527      0.070783
70B                     48      0.610240      0.674387      0.610345      0.000378      0.064042
8B                       1      0.469835      0.405645      0.469877      0.000855      0.064232
8B                       2      0.481115      0.414732      0.481099      0.000886      0.066367
8B                       4      0.477755      0.390301      0.477691      0.000817      0.087390
8B                       8      0.465309      0.350478      0.465287      0.000709      0.114809
8B                      16      0.449467      0.306451      0.449455      0.000618      0.143003
8B                      32      0.434983      0.257542      0.434997      0.000477      0.177454
8B                      48      0.428616      0.226530      0.428590      0.000428      0.202060
Dracarys70B              1      0.540161      0.533734      0.540249      0.000980      0.006515
Dracarys70B              2      0.543889      0.568520      0.543694      0.000879      0.024826
Dracarys70B              4      0.541608      0.587052      0.541606      0.000797      0.045446
Dracarys70B              8      0.533872      0.597153      0.533833      0.000699      0.063319
Dracarys70B             16      0.521419      0.602609      0.521399      0.000657      0.081210
Dracarys70B             32      0.504940      0.604177      0.504878      0.000515      0.099299
Dracarys70B             48      0.493736      0.601857      0.493716      0.000441      0.108142
GLM5                     1      0.720145      0.788625      0.720021      0.000733      0.068604
GLM5                     2      0.751773      0.843553      0.751804      0.000813      0.091749
GLM5                     4      0.768854      0.858327      0.768792      0.000605      0.089535
GLM5                     8      0.776311      0.855984      0.776264      0.000558      0.079720
GLM5                    16      0.778073      0.845893      0.778094      0.000450      0.067800
GLM5                    32      0.780664      0.830670      0.780695      0.000287      0.049975
GLM5                    48      0.783391      0.821058      0.783363      0.000283      0.037695
Gemma3n2B                1      0.580577      0.636417      0.580510      0.000854      0.055907
Gemma3n2B                2      0.601238      0.720489      0.601297      0.000766      0.119192
Gemma3n2B                4      0.613159      0.773108      0.613283      0.000772      0.159825
Gemma3n2B                8      0.622193      0.813957      0.622223      0.000724      0.191734
Gemma3n2B               16      0.628226      0.843715      0.628316      0.000599      0.215398
Gemma3n2B               32      0.630723      0.860110      0.630780      0.000481      0.229330
Gemma3n2B               48      0.631161      0.865683      0.631168      0.000441      0.234515
Gemma3n4B                1      0.588996      0.717708      0.589035      0.000900      0.128674
Gemma3n4B                2      0.609903      0.763026      0.609836      0.000777      0.153191
Gemma3n4B                4      0.618551      0.766766      0.618479      0.000665      0.148287
Gemma3n4B                8      0.618095      0.765908      0.617957      0.000651      0.147952
Gemma3n4B               16      0.614535      0.775843      0.614629      0.000582      0.161214
Gemma3n4B               32      0.613958      0.801651      0.614000      0.000487      0.187651
Gemma3n4B               48      0.617008      0.821210      0.617017      0.000372      0.204193
KimiK2                   1      0.587457      0.747583      0.587551      0.000763      0.160032
KimiK2                   2      0.602200      0.767269      0.602220      0.000703      0.165049
KimiK2                   4      0.613181      0.779306      0.613214      0.000576      0.166092
KimiK2                   8      0.621524      0.791578      0.621545      0.000567      0.170033
KimiK2                  16      0.626475      0.805159      0.626368      0.000484      0.178791
KimiK2                  32      0.627132      0.816283      0.627170      0.000385      0.189113
KimiK2                  48      0.625865      0.818854      0.625810      0.000336      0.193044
Maverick17B              1      0.660791      0.802625      0.660834      0.000862      0.141791
Maverick17B              2      0.686027      0.843827      0.685959      0.000847      0.157869
Maverick17B              4      0.701297      0.854391      0.701320      0.000629      0.153071
Maverick17B              8      0.707118      0.849815      0.707238      0.000634      0.142577
Maverick17B             16      0.705065      0.834170      0.705119      0.000505      0.129051
Maverick17B             32      0.703043      0.813268      0.703039      0.000520      0.110229
Maverick17B             48      0.705364      0.802475      0.705330      0.000224      0.097145
MiniMax                  1      0.563410      0.662125      0.563378      0.000893      0.098747
MiniMax                  2      0.564617      0.706972      0.564632      0.000794      0.142341
MiniMax                  4      0.561916      0.736512      0.561974      0.000782      0.174538
MiniMax                  8      0.555482      0.765895      0.555549      0.000748      0.210347
MiniMax                 16      0.546547      0.793403      0.546538      0.000660      0.246865
MiniMax                 32      0.539294      0.811221      0.539272      0.000484      0.271949
MiniMax                 48      0.538896      0.815852      0.538810      0.000437      0.277042
Ministral14B             1      0.629690      0.650542      0.629866      0.000725      0.020676
Ministral14B             2      0.661302      0.732793      0.661330      0.000626      0.071463
Ministral14B             4      0.679961      0.785225      0.679978      0.000560      0.105246
Ministral14B             8      0.689941      0.816710      0.689975      0.000525      0.126735
Ministral14B            16      0.695835      0.832185      0.695902      0.000416      0.136283
Ministral14B            32      0.699141      0.830672      0.699237      0.000391      0.131435
Ministral14B            48      0.700223      0.821729      0.700139      0.000271      0.121590
MistralLarge675B         1      0.576190      0.707333      0.576248      0.000856      0.131086
MistralLarge675B         2      0.600942      0.782794      0.601089      0.000710      0.181706
MistralLarge675B         4      0.617249      0.833146      0.617282      0.000737      0.215864
MistralLarge675B         8      0.627435      0.859650      0.627464      0.000576      0.232186
MistralLarge675B        16      0.637315      0.873610      0.637267      0.000448      0.236342
MistralLarge675B        32      0.650838      0.886349      0.650842      0.000283      0.235507
MistralLarge675B        48      0.660582      0.896052      0.660538      0.000298      0.235514
MistralNemotron          1      0.648211      0.726542      0.648149      0.000729      0.078392
MistralNemotron          2      0.585265      0.611452      0.585279      0.000748      0.026173
MistralNemotron          4      0.522098      0.440699      0.522142      0.000634      0.081443
MistralNemotron          8      0.456965      0.235305      0.457001      0.000650      0.221696
MistralNemotron         16      0.391460      0.084587      0.391543      0.000639      0.306956
MistralNemotron         32      0.329256      0.049784      0.329317      0.000491      0.279532
MistralNemotron         48      0.298735      0.060334      0.298698      0.000460      0.238365
MistralSmall119B         1      0.629842      0.711042      0.630000      0.000796      0.081042
MistralSmall119B         2      0.646441      0.770674      0.646375      0.000731      0.124300
MistralSmall119B         4      0.653555      0.803955      0.653647      0.000592      0.150309
MistralSmall119B         8      0.657343      0.825470      0.657255      0.000511      0.168215
MistralSmall119B        16      0.661460      0.841048      0.661564      0.000434      0.179484
MistralSmall119B        32      0.668113      0.851275      0.668196      0.000314      0.183079
MistralSmall119B        48      0.672666      0.859053      0.672714      0.000264      0.186340
Mixtral8x22B             1      0.494280      0.448458      0.494350      0.000862      0.045892
Mixtral8x22B             2      0.523102      0.527266      0.523116      0.000853      0.004150
Mixtral8x22B             4      0.539559      0.589658      0.539629      0.000826      0.050030
Mixtral8x22B             8      0.546280      0.628900      0.546259      0.000713      0.082641
Mixtral8x22B            16      0.546168      0.644036      0.546137      0.000624      0.097899
Mixtral8x22B            32      0.541905      0.638584      0.541882      0.000559      0.096702
Mixtral8x22B            48      0.538995      0.628450      0.539038      0.000461      0.089413
Mixtral8x7B              1      0.312948      0.238833      0.313023      0.000883      0.074190
Mixtral8x7B              2      0.335447      0.286563      0.335491      0.000845      0.048927
Mixtral8x7B              4      0.347801      0.324850      0.347763      0.000893      0.022913
Mixtral8x7B              8      0.351290      0.349933      0.351342      0.000748      0.001409
Mixtral8x7B             16      0.345014      0.363665      0.345080      0.000691      0.018585
Mixtral8x7B             32      0.332522      0.374002      0.332540      0.000508      0.041462
Mixtral8x7B             48      0.326277      0.381025      0.326192      0.000456      0.054833
Qwen122B                 1      0.581291      0.780583      0.581327      0.000736      0.199257
Qwen122B                 2      0.625238      0.837750      0.625291      0.000714      0.212459
Qwen122B                 4      0.657863      0.849416      0.658103      0.000804      0.191313
Qwen122B                 8      0.679535      0.843959      0.679498      0.000571      0.164462
Qwen122B                16      0.690237      0.826921      0.690255      0.000473      0.136666
Qwen122B                32      0.690790      0.793531      0.690878      0.000361      0.102654
Qwen122B                48      0.687529      0.766090      0.687631      0.000346      0.078458
Qwen397B                 1      0.729610      0.756333      0.729613      0.000572      0.026720
Qwen397B                 2      0.752373      0.821935      0.752313      0.000571      0.069622
Qwen397B                 4      0.765904      0.831764      0.765924      0.000542      0.065839
Qwen397B                 8      0.772613      0.816082      0.772563      0.000471      0.043520
Qwen397B                16      0.770757      0.788948      0.770759      0.000514      0.018189
Qwen397B                32      0.760990      0.753935      0.760955      0.000442      0.007020
Qwen397B                48      0.753170      0.729848      0.753184      0.000350      0.023336
QwenNext80B              1      0.623686      0.758458      0.623705      0.000683      0.134753
QwenNext80B              2      0.653149      0.840513      0.653064      0.000748      0.187449
QwenNext80B              4      0.668588      0.870199      0.668678      0.000591      0.201522
QwenNext80B              8      0.673331      0.884202      0.673352      0.000546      0.210850
QwenNext80B             16      0.669543      0.899033      0.669752      0.000460      0.229282
QwenNext80B             32      0.663151      0.906367      0.663054      0.000318      0.243313
QwenNext80B             48      0.659925      0.909983      0.659944      0.000233      0.250039
Stockmark100B            1      0.575301      0.563126      0.575277      0.000803      0.012150
Stockmark100B            2      0.598720      0.637464      0.598764      0.000747      0.038699
Stockmark100B            4      0.611747      0.682113      0.611766      0.000648      0.070347
Stockmark100B            8      0.617190      0.698957      0.617288      0.000568      0.081669
Stockmark100B           16      0.615655      0.695691      0.615619      0.000512      0.080072
Stockmark100B           32      0.610839      0.674484      0.610888      0.000475      0.063596
Stockmark100B           48      0.608411      0.653083      0.608452      0.000330      0.044630
Super120B                1      0.542665      0.704856      0.542612      0.000875      0.162244
Super120B                2      0.525839      0.671076      0.525864      0.000751      0.145212
Super120B                4      0.514361      0.658459      0.514308      0.000738      0.144151
Super120B                8      0.508203      0.667420      0.508074      0.000747      0.159346
Super120B               16      0.505283      0.695873      0.505252      0.000696      0.190622
Super120B               32      0.503897      0.736738      0.503903      0.000483      0.232835
Super120B               48      0.502722      0.762163      0.502673      0.000393      0.259490
Super49B                 1      0.626420      0.689625      0.626417      0.000763      0.063208
Super49B                 2      0.652756      0.765670      0.652749      0.000708      0.112921
Super49B                 4      0.667502      0.796144      0.667558      0.000651      0.128586
Super49B                 8      0.673938      0.801472      0.673912      0.000533      0.127559
Super49B                16      0.674145      0.801962      0.674191      0.000455      0.127771
Super49B                32      0.670846      0.811311      0.670875      0.000347      0.140436
Super49B                48      0.667989      0.824786      0.667958      0.000271      0.156828
Ultra253B                1      0.836623      0.874313      0.836713      0.000701      0.037600
Ultra253B                2      0.881099      0.871202      0.881307      0.000521      0.010105
Ultra253B                4      0.902875      0.864317      0.902754      0.000525      0.038437
Ultra253B                8      0.914862      0.849803      0.914808      0.000341      0.065006
Ultra253B               16      0.922330      0.825871      0.922417      0.000226      0.096546

  Grand mean — Per-problem MAE: 0.000602, Pooled AE: 0.122364
  Per-problem is 203.4x better than pooled.

================================================================================
OUTPUT 8: In-Sample vs Held-Out Comparison
  Split: pilot=samples[0:24], held-out=samples[24:48]
  Held-out simulation: 10000 trials, seed=42
================================================================================

  3B:
       N   In-sample MAE    Held-out MAE  Held-out probs
       1        0.000944        0.089941             298
       2        0.000820        0.101053             298
       4        0.000743        0.123912             298
       8        0.000726        0.155042             298
      16        0.000528        0.195106             298
      32        0.000466        0.228727             298
      48        0.000364        0.239918             298

  70B:
       N   In-sample MAE    Held-out MAE  Held-out probs
       1        0.000875        0.096102             158
       2        0.000783        0.098649             158
       4        0.000723        0.124346             158
       8        0.000645        0.160932             158
      16        0.000546        0.209067             158
      32        0.000527        0.253389             158
      48        0.000378        0.267874             158

  8B:
       N   In-sample MAE    Held-out MAE  Held-out probs
       1        0.000855        0.089690             323
       2        0.000886        0.093137             323
       4        0.000817        0.116231             323
       8        0.000709        0.156052             323
      16        0.000618        0.200080             323
      32        0.000477        0.235794             323
      48        0.000428        0.247861             323

  Dracarys70B:
       N   In-sample MAE    Held-out MAE  Held-out probs
       1        0.000980        0.093612             265
       2        0.000879        0.096406             265
       4        0.000797        0.127452             265
       8        0.000699        0.169484             265
      16        0.000657        0.224657             265
      32        0.000515        0.281764             265
      48        0.000441        0.307359             265

  GLM5:
       N   In-sample MAE    Held-out MAE  Held-out probs
       1        0.000733        0.101398             148
       2        0.000813        0.107210             148
       4        0.000605        0.127746             148
       8        0.000558        0.157016             148
      16        0.000450        0.182559             148
      32        0.000287        0.203927             148
      48        0.000283        0.215566             148

  Gemma3n2B:
       N   In-sample MAE    Held-out MAE  Held-out probs
       1        0.000854        0.087742             190
       2        0.000766        0.104028             190
       4        0.000772        0.136717             190
       8        0.000724        0.176500             190
      16        0.000599        0.221961             190
      32        0.000481        0.263228             190
      48        0.000441        0.277447             190

  Gemma3n4B:
       N   In-sample MAE    Held-out MAE  Held-out probs
       1        0.000900        0.083187             143
       2        0.000777        0.093551             143
       4        0.000665        0.129758             143
       8        0.000651        0.168715             143
      16        0.000582        0.204520             143
      32        0.000487        0.235531             143
      48        0.000372        0.245601             143

  KimiK2:
       N   In-sample MAE    Held-out MAE  Held-out probs
       1        0.000763        0.080028             126
       2        0.000703        0.100492             126
       4        0.000576        0.131637             126
       8        0.000567        0.168682             126
      16        0.000484        0.226693             126
      32        0.000385        0.276488             126
      48        0.000336        0.294755             126

  Maverick17B:
       N   In-sample MAE    Held-out MAE  Held-out probs
       1        0.000862        0.077439              86
       2        0.000847        0.092967              86
       4        0.000629        0.119779              86
       8        0.000634        0.143948              86
      16        0.000505        0.164634              86
      32        0.000520        0.182771              86
      48        0.000224        0.190195              86

  MiniMax:
       N   In-sample MAE    Held-out MAE  Held-out probs
       1        0.000893        0.095286             165
       2        0.000794        0.101123             165
       4        0.000782        0.121190             165
       8        0.000748        0.155596             165
      16        0.000660        0.204411             165
      32        0.000484        0.244171             165
      48        0.000437        0.252541             165

  Ministral14B:
       N   In-sample MAE    Held-out MAE  Held-out probs
       1        0.000725        0.073361             137
       2        0.000626        0.085216             137
       4        0.000560        0.105677             137
       8        0.000525        0.138512             137
      16        0.000416        0.179185             137
      32        0.000391        0.217326             137
      48        0.000271        0.233237             137

  MistralLarge675B:
       N   In-sample MAE    Held-out MAE  Held-out probs
       1        0.000856        0.093157             104
       2        0.000710        0.099256             104
       4        0.000737        0.119024             104
       8        0.000576        0.141175             104
      16        0.000448        0.161501             104
      32        0.000283        0.185431             104
      48        0.000298        0.197960             104

  MistralNemotron:
       N   In-sample MAE    Held-out MAE  Held-out probs
       1        0.000729        0.073282             129
       2        0.000748        0.079383             129
       4        0.000634        0.101464             129
       8        0.000650        0.128807             129
      16        0.000639        0.156711             129
      32        0.000491        0.180357             129
      48        0.000460        0.188135             129

  MistralSmall119B:
       N   In-sample MAE    Held-out MAE  Held-out probs
       1        0.000796        0.086366             126
       2        0.000731        0.088743             126
       4        0.000592        0.099521             126
       8        0.000511        0.124873             126
      16        0.000434        0.157884             126
      32        0.000314        0.191721             126
      48        0.000264        0.204144             126

  Mixtral8x22B:
       N   In-sample MAE    Held-out MAE  Held-out probs
       1        0.000862        0.085419             325
       2        0.000853        0.102163             325
       4        0.000826        0.128056             325
       8        0.000713        0.162765             325
      16        0.000624        0.203690             325
      32        0.000559        0.248011             325
      48        0.000461        0.267653             325

  Mixtral8x7B:
       N   In-sample MAE    Held-out MAE  Held-out probs
       1        0.000883        0.083348             297
       2        0.000845        0.104062             297
       4        0.000893        0.139309             297
       8        0.000748        0.183008             297
      16        0.000691        0.241205             297
      32        0.000508        0.297859             297
      48        0.000456        0.321495             297

  Qwen122B:
       N   In-sample MAE    Held-out MAE  Held-out probs
       1        0.000736        0.082853              73
       2        0.000714        0.089681              73
       4        0.000804        0.114018              73
       8        0.000571        0.152291              73
      16        0.000473        0.210848              73
      32        0.000361        0.261716              73
      48        0.000346        0.282181              73

  Qwen397B:
       N   In-sample MAE    Held-out MAE  Held-out probs
       1        0.000572        0.069575              82
       2        0.000571        0.085220              82
       4        0.000542        0.109687              82
       8        0.000471        0.145638              82
      16        0.000514        0.186221              82
      32        0.000442        0.222636              82
      48        0.000350        0.239508              82

  QwenNext80B:
       N   In-sample MAE    Held-out MAE  Held-out probs
       1        0.000683        0.081913              78
       2        0.000748        0.080703              78
       4        0.000591        0.103743              78
       8        0.000546        0.126181              78
      16        0.000460        0.149365              78
      32        0.000318        0.160804              78
      48        0.000233        0.164082              78

  Stockmark100B:
       N   In-sample MAE    Held-out MAE  Held-out probs
       1        0.000803        0.078646             239
       2        0.000747        0.092817             239
       4        0.000648        0.119332             239
       8        0.000568        0.155775             239
      16        0.000512        0.199129             239
      32        0.000475        0.239153             239
      48        0.000330        0.252782             239

  Super120B:
       N   In-sample MAE    Held-out MAE  Held-out probs
       1        0.000875        0.079707             118
       2        0.000751        0.103613             118
       4        0.000738        0.130005             118
       8        0.000747        0.163703             118
      16        0.000696        0.201146             118
      32        0.000483        0.248001             118
      48        0.000393        0.268083             118

  Super49B:
       N   In-sample MAE    Held-out MAE  Held-out probs
       1        0.000763        0.077033             150
       2        0.000708        0.093809             150
       4        0.000651        0.116249             150
       8        0.000533        0.141707             150
      16        0.000455        0.179327             150
      32        0.000347        0.217106             150
      48        0.000271        0.232852             150

  Ultra253B:
       N   In-sample MAE    Held-out MAE  Held-out probs
       1        0.000701             nan               0
       2        0.000521             nan               0
       4        0.000525             nan               0
       8        0.000341             nan               0
      16        0.000226             nan               0

  Grand mean — In-sample MAE: 0.000602, Held-out MAE: 0.160394

================================================================================
OUTPUT 9: N=2 AUC Identity Verification
  f_2 = p^2 + 2p(1-p)kappa
================================================================================

Model                  Mean |diff|    Max |diff|    N>0.01 N checked
3B                      0.00000000    0.00000000         0       390
70B                     0.00000000    0.00000000         0       211
8B                      0.00000000    0.00000000         0       384
Dracarys70B             0.00000000    0.00000000         0       332
GLM5                    0.00000000    0.00000000         0       224
Gemma3n2B               0.00000000    0.00000000         0       257
Gemma3n4B               0.00000000    0.00000000         0       195
KimiK2                  0.00000000    0.00000000         0       192
Maverick17B             0.00000000    0.00000000         0       117
MiniMax                 0.00000000    0.00000000         0       206
Ministral14B            0.00000000    0.00000000         0       191
MistralLarge675B        0.00000000    0.00000000         0       140
MistralNemotron         0.00000000    0.00000000         0       184
MistralSmall119B        0.00000000    0.00000000         0       185
Mixtral8x22B            0.00000000    0.00000000         0       397
Mixtral8x7B             0.00000000    0.00000000         0       372
Qwen122B                0.00000000    0.00000000         0       102
Qwen397B                0.00000000    0.00000000         0       188
QwenNext80B             0.00000000    0.00000000         0       111
Stockmark100B           0.00000000    0.00000000         0       332
Super120B               0.00000000    0.00000000         0       167
Super49B                0.00000000    0.00000000         0       220
Ultra253B               0.00000000    0.00000000         0        57

  Grand mean |f2_closed - f2_general|: 0.00000000
  Grand mean |p^2+2p(1-p)k - f2_general| (recomputed): 0.00000000
  N=2 AUC identity VERIFIED.

================================================================================
OUTPUT 10: Conclusion
================================================================================

  The corrected Theorem 1 is validated for the implemented top-score best-of-N
  selector. The experiment confirms the exact order-statistic prediction from
  per-problem estimates of p, F_+, and F_mix.

  Key findings:
    - Overall in-sample MAE: 0.000622
    - Held-out MAE: 0.160394
    - Score ties are negligible (mean rate: 0.000134)
    - N=2 AUC identity verified (mean |diff|: 0.00000000)
    - Score used: mean logprob per token (consistent across prediction and selection)
    - Evaluation protocol: with-replacement simulation from 48 samples

  The result should NOT be interpreted as proving global optimality over all
  strategies, nor as proving that p and kappa alone predict all N. For N=2,
  the AUC collapse is verified separately. The phase transition claim
  (kappa > 0.5) applies only to the N=1 -> N=2 marginal gain direction.


================================================================================
OPTIONAL: Phase Transition Claim Check (N=1 -> N=2 only)
================================================================================

  Total problems: 5154
  Sign(kappa-0.5) matches sign(f2-f1): 5134 (99.6%)
  Mismatches: 20 (0.4%)

  This confirms kappa=0.5 predicts the N=1->N=2 gain DIRECTION.
  It does NOT generalize to all N.

================================================================================
OPTIONAL: rho(s) Monotonicity Check (P(correct | score) vs score)
================================================================================
  3B                  : 7 violations
  70B                 : 6 violations
  8B                  : 11 violations
  Dracarys70B         : 8 violations
  GLM5                : 5 violations
  Gemma3n2B           : 3 violations
  Gemma3n4B           : 8 violations
  KimiK2              : 8 violations
  Maverick17B         : 6 violations
  MiniMax             : 5 violations
  Ministral14B        : 2 violations
  MistralLarge675B    : 3 violations
  MistralNemotron     : 11 violations
  MistralSmall119B    : 6 violations
  Mixtral8x22B        : 2 violations
  Mixtral8x7B         : 4 violations
  Qwen122B            : 6 violations
  Qwen397B            : 7 violations
  QwenNext80B         : 5 violations
  Stockmark100B       : 3 violations
  Super120B           : 12 violations
  Super49B            : 5 violations
  Ultra253B           : 9 violations

  Monotone: 0/23 models
  Some models have non-monotone rho(s) — top-score selection may not be
  Bayes-optimal for those. This does NOT invalidate Theorem 1, which predicts
  accuracy of the implemented selector regardless of optimality.

JSON saved: C:\Users\wangz\Downloads\inference-value-theorem\results\audit\audit_results.json
